7.154405820533549 2.465642683912692 2.5464834276475345 3.799514955537591 10.024252223120452 0.16168148746968472 0.12126111560226355 3.9611964430072755 3.799514955537591 2.3848019401778497 3.5569927243330643 6.305578011317705 3.395311236863379 7.841552142279709 9.741309620048504 3.0719482619240095 0.0 3.5569927243330643 4.8504446240905414 7.720291026677445 2.465642683912692 4.890864995957963 0.04042037186742118 0.0 3.3144704931285367 2.8294260307194827  Czech
5.7835820895522385 2.164179104477612 2.9850746268656714 3.880597014925373 10.03731343283582 0.3731343283582089 0.2985074626865672 2.574626865671642 5.074626865671641 3.0970149253731343 4.328358208955224 5.932835820895523 4.440298507462686 6.8283582089552235 9.21641791044776 3.0597014925373136 0.0 4.067164179104477 5.223880597014925 6.67910447761194 4.58955223880597 4.626865671641791 0.0746268656716418 0.0746268656716418 2.3507462686567164 2.2388059701492535  Czech
8.88529886914378 3.150242326332795 2.0193861066235863 3.836833602584814 9.81421647819063 0.28271405492730206 0.20193861066235863 2.9079159935379644 5.3311793214862675 2.948303715670436 3.594507269789984 7.1082390953150245 4.20032310177706 6.744749596122778 9.491114701130856 3.756058158319871 0.0 3.4329563812600967 4.725363489499192 5.896607431340872 2.2617124394184165 3.634894991922456 0.08077544426494346 0.0 3.150242326332795 2.5444264943457187  Czech
8.326756116811366 2.6045777426992895 2.644041041831097 4.064719810576165 9.94475138121547 0.03946329913180742 0.1973164956590371 3.51223362273086 5.288082083662194 3.2754538279400154 2.644041041831097 6.3141278610891876 3.117600631412786 6.8271507498026835 9.47119179163378 3.946329913180742 0.0 3.4333070244672457 4.814522494080506 7.1033938437253346 2.3283346487766376 4.538279400157854 0.0 0.03946329913180742 2.999210734017364 2.525651144435675  Czech
8.158415841584159 3.0495049504950495 2.0594059405940595 4.475247524752475 10.613861386138614 0.07920792079207921 0.19801980198019803 2.732673267326733 4.435643564356435 2.9306930693069306 2.9702970297029703 6.574257425742575 3.089108910891089 7.445544554455445 9.544554455445544 3.7227722772277225 0.0 3.1683168316831685 4.594059405940594 6.415841584158416 2.495049504950495 4.910891089108911 0.039603960396039604 0.0 3.6039603960396036 2.6930693069306932  Czech
9.031877213695395 2.8925619834710745 2.1841794569067297 3.2467532467532463 9.386068476977567 0.0 0.5903187721369539 3.4828807556080283 4.7225501770956315 2.833530106257379 3.187721369539551 7.024793388429752 3.778040141676505 6.493506493506493 10.566706021251477 3.0696576151121606 0.0 2.95159386068477 4.781582054309327 6.78866587957497 2.3022432113341202 4.781582054309327 0.11806375442739078 0.0 3.0696576151121606 2.715466351829988  Czech
8.686809994189424 1.6560139453805929 3.0796048808832075 4.09645554909936 8.483439860546193 0.84253341080767 0.7263219058686811 2.9633933759442184 6.013945380592679 1.801278326554329 4.561301568855317 5.287623474723998 3.776873910517141 6.391632771644392 9.732713538640326 3.2248692620569437 0.029052876234747237 5.490993608367228 6.013945380592679 4.793724578733294 4.357931435212086 4.445090063916328 0.3486345148169669 0.11621150493898895 1.3073794305636257 1.7722254503195816  Czech
8.696644601689112 1.7119379137183293 2.191280529559461 3.857566765578635 8.856425473636156 0.7532526820360649 1.141291942478886 2.784752339648482 6.117324811686829 1.734763752567907 3.766263410180324 4.587993608765122 3.766263410180324 6.847751654873317 9.815110705318421 3.766263410180324 0.0 5.272768774252453 5.569504679296964 5.729285551244008 2.80757817849806 4.976032869207944 0.022825838849577722 0.25108422734535496 2.1684546907098836 2.80757817849806  Czech
8.208012857306853 1.407415910917231 1.9791068763632191 4.146481460222707 11.720812765468947 2.206405693950178 1.9584433474916771 6.120996441281139 7.409023074273907 0.07806222018137987 0.7921019400757663 4.61715072896338 2.5944208472046837 6.451612903225806 7.859028814143038 1.4143037538744117 0.11250143496728275 6.042934221099759 6.187578923200551 8.988635059120652 3.2671335093559866 1.0010331764435771 2.4451842497991048 0.1538284927103662 2.791872345310527 0.04591895304787051  English
7.5911398246423625 0.899861559760037 3.091832025842178 4.614674665436087 11.329026303645593 2.0535302261190584 1.915089986155976 4.26857406552838 7.544993077988002 0.18458698661744347 0.5076142131979695 5.029995385325335 3.2994923857868024 9.275496077526535 8.652514997692663 1.7305029995385326 0.09229349330872173 5.976003691739732 6.322104291647439 9.16012921089063 2.8380249192431934 0.8306414397784956 1.1305952930318413 0.2076603599446239 1.4536225196123673 0.0  English
7.822770816515622 1.6916463528597732 2.559340838506229 4.134870422434396 12.826528705099197 2.2229203367386297 1.8829208934628645 6.200317332813724 7.17259644253214 0.16582428987835576 0.584560446333772 4.12333827757475 2.809071423742698 7.112549757228467 7.3805727101733405 1.540137829014081 0.12327465194793834 6.0054638507024665 6.230141845381774 8.628430316020536 2.7593639027959487 1.0665245694334535 2.1851426208191005 0.147134262002378 2.447598331417937 0.1769587745704276  English
9.168394379175306 1.9235199262842662 3.271135683022345 3.9967749366505414 11.379866390232666 2.073255010366275 1.6470859249020964 5.5286800276434 8.016586040082931 0.27643400138217 0.5413499193734163 4.918221607924441 2.7067495968670814 7.106657452199953 7.290946786454734 2.073255010366275 0.046072333563695 7.060585118636259 5.954849113107579 7.83229670582815 2.5224602626123014 0.8177839207555863 1.8313752591568762 0.23036166781847503 1.6931582584657914 0.09214466712739  English
8.089210367691381 1.8806509945750454 3.8336347197106693 3.9300783604581073 12.742616033755274 2.15792646172393 2.230259192284509 4.882459312839059 6.522001205545509 0.2049427365883062 1.567209162145871 4.002411091018685 2.7848101265822782 6.268836648583484 7.5226039783001815 2.206148282097649 0.024110910186859555 7.233273056057866 5.690174804098855 7.992766726943942 2.9053646775165762 1.0729355033152501 1.7842073538276069 0.13261000602772754 1.6395418927064496 0.6992163954189271  English
7.576066979783541 1.5826015928119257 4.124974474167858 4.696753114151521 11.731672452521952 2.0829079027976314 2.1135389013681847 3.9309781498876863 7.6577496426383505 0.1837859914233204 0.6840923014090259 4.002450479885644 2.276904227077803 7.545435981212988 9.577292219726363 1.9603839085154178 0.08168266285480906 6.493771696957321 5.544210741270166 8.688993261180315 2.5832142127833366 1.0312436185419644 2.2564835613641003 0.061261997141106805 1.4090259342454563 0.12252399428221361  English
8.658719394674852 1.1563994574916125 3.3050182025840527 4.582768220429724 12.070811621100722 1.9701620386894139 2.0129916482261403 4.568491683917482 7.538011278463845 0.32122207152544796 0.5710614604896852 3.81897351702477 2.398458134056678 8.266114640588192 7.480905132414876 1.955885502177172 0.06424441430508958 6.081804554215147 7.081162110072096 8.565921907345277 2.534085230922978 0.9636662145763438 2.1700335498608037 0.1427653651224213 1.6132486258833605 0.10707402384181597  English
7.668461187151418 1.5832376101969359 2.7429868386453906 4.160150573646844 12.848582144290518 2.449589659133371 1.8378842188300097 6.34817387934733 7.124569245886211 0.18129731375506872 0.5701869715044908 3.940102689012829 2.60735984056908 7.240820958523049 7.501003362995973 1.5569425799576513 0.11209986575695088 5.86655964128043 6.090759372794332 8.671824183124127 2.810800337683546 1.1403739430089816 2.3388737423363826 0.16745782415544516 2.3153466100170226 0.12455540639661208  English
7.668461187151418 1.5832376101969359 2.7429868386453906 4.160150573646844 12.848582144290518 2.449589659133371 1.8378842188300097 6.34817387934733 7.124569245886211 0.18129731375506872 0.5701869715044908 3.940102689012829 2.60735984056908 7.240820958523049 7.501003362995973 1.5569425799576513 0.11209986575695088 5.86655964128043 6.090759372794332 8.671824183124127 2.810800337683546 1.1403739430089816 2.3388737423363826 0.16745782415544516 2.3153466100170226 0.12455540639661208  English
9.611041405269761 1.2797992471769133 3.161856963613551 3.638644918444166 11.041405269761606 2.5846925972396484 1.606022584692597 4.617314930991217 7.603513174404015 0.05018820577164366 0.5520702634880803 4.291091593475533 2.1580928481806776 6.825595984943539 7.001254705144292 1.7565872020075282 0.02509410288582183 6.047678795483061 5.972396486825596 10.13801756587202 3.212045169385194 1.179422835633626 3.3877038895859477 0.05018820577164366 1.8569636135508156 0.35131744040150564  English
8.753315649867375 1.0610079575596816 3.023872679045093 3.023872679045093 15.83554376657825 1.1936339522546418 0.6896551724137931 0.8222811671087533 7.241379310344828 0.5570291777188329 0.10610079575596816 5.543766578249336 2.7586206896551726 7.612732095490717 5.384615384615385 3.4217506631299734 1.3262599469496021 6.36604774535809 7.824933687002653 9.124668435013263 6.153846153846154 1.5915119363395225 0.10610079575596816 0.21220159151193632 0.1326259946949602 0.1326259946949602  French
7.9757575757575765 1.1151515151515152 2.7878787878787876 3.733333333333334 15.296969696969697 1.1151515151515152 0.8484848484848486 1.2121212121212122 7.321212121212121 0.36363636363636365 0.024242424242424242 6.56969696969697 2.909090909090909 6.521212121212121 5.3090909090909095 2.642424242424242 1.1151515151515152 7.103030303030303 8.121212121212121 8.387878787878787 6.496969696969697 1.7454545454545456 0.14545454545454545 0.5333333333333333 0.5090909090909091 0.09696969696969697  French
9.857612267250822 1.3691128148959473 2.5191675794085433 3.5323110624315444 15.717415115005476 0.547645125958379 1.04052573932092 0.8762322015334063 6.763417305585981 0.43811610076670315 0.027382256297918947 6.380065717415115 3.2311062431544357 7.612267250821468 4.764512595837897 3.1763417305585984 0.8762322015334063 7.338444687842278 7.338444687842278 8.57064622124863 5.72289156626506 1.6703176341730557 0.08214676889375684 0.08214676889375684 0.24644030668127057 0.21905805038335158  French
9.296077377753896 1.1015583019881785 2.525523911875336 3.815153143471252 16.17409994626545 1.07469102632993 0.967221923696937 0.6448146157979581 7.710908113917249 0.13433637829124126 0.0 6.31380977968834 3.1166039763567976 7.791509940891994 4.379365932294466 2.31058570660935 1.2358946802794197 6.260075228371844 8.060182697474476 8.59752821063944 5.534658785599141 1.907576571735626 0.0 0.24180548092423426 0.4836109618484685 0.32240730789897903  French
8.420208500400962 0.855386260358193 3.1809676557070303 3.3680834001603848 16.70676289762096 0.6148088746324512 1.015771184175354 0.7484629778134189 7.992515370221866 0.2673082063619353 0.02673082063619353 6.789628441593157 2.8334669874365144 7.64501470195135 4.464047046244319 2.9403902699812883 1.309810211173483 6.789628441593157 7.72520716385993 8.473670141673349 5.265971665330126 1.6573108794439988 0.02673082063619353 0.32076984763432237 0.40096230954290296 0.16038492381716118  French
8.732646663681146 1.2987012987012987 2.3287057769816393 3.358710255261979 15.673981191222571 1.2091356918943126 0.9404388714733543 0.8956560680698611 7.657859381997313 0.22391401701746527 0.08956560680698611 7.657859381997313 3.179579041648007 7.075682937751903 5.329153605015674 3.2691446484549935 1.0300044782803404 6.583072100313479 6.986117330944917 7.836990595611286 5.553067622033139 1.5673981191222568 0.08956560680698611 0.22391401701746527 0.7165248544558889 0.49261083743842365  French
8.282290279627164 0.7190412782956058 2.8761651131824233 3.4354194407456724 15.419440745672436 0.9853528628495339 0.5858854860186418 0.6657789613848202 7.270306258322237 0.9054593874833556 0.05326231691078562 5.645805592543276 3.382157123834887 7.057256990679095 5.512649800266312 2.849533954727031 1.4380825565912116 6.7110519307589875 8.5219707057257 8.33555259653795 6.498002663115845 1.4380825565912116 0.02663115845539281 0.3994673768308922 0.559254327563249 0.42609853528628494  French
7.850208044382802 0.7212205270457697 3.300970873786408 3.245492371705964 17.142857142857142 0.9431345353675451 0.6934812760055479 0.9708737864077669 6.8238557558945905 1.0263522884882108 0.055478502080443824 5.575589459084605 3.578363384188627 6.907073509015256 4.909847434119278 3.5506241331484047 1.3592233009708738 7.3786407766990285 8.515950069348127 7.3786407766990285 5.520110957004161 1.4979195561719834 0.08321775312066575 0.36061026352288483 0.3883495145631068 0.2219140083217753  French
8.47145488029466 1.0523546435148645 2.8150486714022627 2.9465930018416207 15.601157590107867 0.7366482504604052 0.7366482504604052 0.7629571165482768 8.103130755064457 0.9208103130755065 0.026308866087871613 5.3406998158379375 3.2622993948960803 7.313864772428308 5.419626414101552 3.735858984477769 1.420678768745067 6.761378584583004 8.31360168376743 7.392791370691923 6.103656932386214 1.7363851617995265 0.026308866087871613 0.2893975269665877 0.3946329913180742 0.31570639305445936  French
9.347714432460196 1.5408320493066257 3.8520801232665636 3.749357986646122 9.553158705701078 0.7190549563430919 1.9517205957883925 1.4381099126861838 8.269131997945557 1.1813045711350796 2.9275808936825887 3.5439137134052388 3.0816640986132513 7.24191063174114 8.988186954288649 3.5952747817154593 0.0 6.111967128916281 4.417051874678993 5.752439650744735 2.362609142270159 0.35952747817154596 4.26296866974833 0.15408320493066258 2.5680534155110424 3.0303030303030303  Polish
9.011164274322168 1.4952153110047848 4.724880382775119 2.6913875598086126 8.831738437001595 0.3189792663476874 1.4752791068580542 1.5749601275917064 9.649122807017543 2.8708133971291865 3.1698564593301435 3.3891547049441786 2.850877192982456 5.801435406698564 7.4362041467304625 3.0901116427432216 0.03987240829346093 5.482456140350877 4.505582137161084 4.366028708133971 2.4322169059011167 0.0 5.761562998405104 0.03987240829346093 3.6881977671451356 5.303030303030303  Polish
10.456816559600284 2.355460385438972 4.657387580299786 3.515346181299072 8.832976445396145 0.8386866523911493 2.08779443254818 1.1598857958600999 8.047822983583156 2.480371163454675 4.675231977159172 2.141327623126338 2.908636688079943 5.264097073518915 7.869379014989293 2.3197715917201998 0.0 5.8886509635974305 4.461099214846538 3.7651677373304784 2.9264810849393292 0.08922198429693076 4.925053533190578 0.03568879371877231 3.4439685938615274 4.853675945753034  Polish
8.788598574821853 1.2894468951476077 4.682728198167628 2.7824906684764166 9.161859518154055 0.7125890736342043 1.5609093993892094 1.69664065151001 8.585001696640651 2.816423481506617 3.1218187987784187 2.477095351204615 2.9182219205972175 5.598914149983034 8.48320325755005 2.7485578554462164 0.0 4.784526637258229 4.580929759077027 5.293518832711232 2.8503562945368173 0.0678656260604004 4.614862572107228 0.0 4.275534441805226 6.107906345436036  Polish
9.93171551633575 1.7985082466645657 4.454249395944952 3.987813845992226 7.65416535350352 0.11345729593444691 1.5842000210106104 1.2774451097804391 9.253072801764892 2.0569387540708055 4.000420212207165 2.088454669608152 3.477256014287215 5.324088664775712 7.719298245614035 2.9814056098329655 0.0 4.889169030360332 4.973211471793255 3.580208005042546 2.439331862590608 0.0 4.964807227649963 0.0 4.288265574114928 7.1625170711209165  Polish
9.795062651346475 1.9859908013846679 4.511547025076791 3.690822512229608 7.825323820513237 0.08938583803286149 1.5650647641026476 1.3814174968714958 9.55940907835075 2.2216443743803937 4.15725406705563 2.1956412214981067 3.2731468690578733 5.238010108725684 7.230501698330922 2.675074352765273 0.0 4.869090377208236 5.138873088361963 3.560806747818173 2.46867432676212 0.004875591165428808 5.021858900391672 0.004875591165428808 4.282394240301636 7.2532544571029245  Polish
9.799629004495396 2.0137368605758788 4.512107488427279 3.7968548939654743 7.785892143919518 0.14371897926101707 1.6093183375390632 1.328564982703588 9.291599124316917 2.184194254583131 3.811895252260231 2.272765253430037 3.091629205033507 4.931566369758853 7.296244923879075 2.979662093283644 0.0 4.858035729206705 5.217333177359247 3.5846187269172276 2.618693494209462 0.003342301843279467 5.0686007453333115 0.0 4.291515566770835 7.508481090927321  Polish
9.83211518929361 2.0074482703682315 4.881206062175134 3.7261267002569056 7.974030629518253 0.13144006532172944 1.674865074781431 1.4996116543524585 9.244617927628303 2.30617569155398 4.118455380080856 2.053253141616713 3.5926951187939378 4.775655706689503 7.249118754107502 2.869774759524426 0.001991516141238325 4.809511481090555 5.12417103140621 3.5887120865114612 2.3559635950849382 0.0 4.853324836197798 0.0 4.018879573018939 7.31085575448589  Polish
10.245031834844683 1.1672776384333399 3.984179046884044 2.9616052479259114 7.5053058074474235 0.1639976847385684 1.6592706926490448 0.8778699594829249 8.518232683773876 2.450318348446846 4.29288057109782 2.8169014084507045 2.4792591163418867 5.66274358479645 8.59540806482732 2.990546015820953 0.0 5.556627435847965 5.556627435847965 4.042060582674127 2.8265483310823845 0.019293845263360986 5.952151263746865 0.03858769052672197 3.5500675284584218 6.087208180590391  Polish
10.297302618625714 1.1321126205946053 3.7605827918881665 2.598936798582398 7.511321126205946 0.18704469383736955 1.3486906871431383 0.8958456389052963 9.283323488875762 2.215002953337271 4.57767277023036 2.5497145107304586 2.4808033077377436 5.650718645402638 8.613900374089388 2.6481590864343376 0.0 5.45382949399488 5.847607796810396 4.400472533963379 2.766292577278992 0.039377830281551486 6.2118527269147465 0.14766686355581807 3.4750935223469184 5.906674542232723  Polish
10.233258088788563 2.407825432656132 1.8434913468773513 2.8969149736644093 10.082768999247554 0.15048908954100826 0.1128668171557562 2.9345372460496613 6.5462753950338595 2.558314522197141 4.552294958615501 5.116629044394282 3.3483822422874345 6.922498118886381 10.797592174567344 2.8592927012791574 0.0 4.17607223476298 5.003762227238525 6.170052671181339 2.558314522197141 4.288939051918736 0.037622272385252065 0.0 2.2949586155003763 2.1068472535741156  Slovak
8.617095205003475 2.2932592077831826 2.3974982626824186 3.1966643502432244 10.389159138290479 0.4169562195969423 0.3127171646977068 2.5364836692147326 6.323835997220292 2.3974982626824186 4.204308547602502 5.072967338429465 4.1348158443363445 6.219596942321056 10.910354412786658 2.571230020847811 0.0 5.316191799861015 4.933981931897151 5.802640722724114 3.127171646977067 4.690757470465601 0.06949270326615706 0.03474635163307853 1.8763029881862403 2.1542738012508686  Slovak
11.026904130352406 3.145130731337628 1.6672982190223569 3.5240621447518 9.283819628647215 0.30314513073133764 0.22735884804850323 2.57673361121637 6.744979158772262 2.159909056460781 3.6377415687760517 5.873436907919666 3.8651004168245544 5.797650625236832 11.367942402425161 3.5240621447518 0.0 4.812428950359985 4.736642667677151 5.115574081091323 2.046229632436529 3.751420992800303 0.07578628268283441 0.0 2.235695339143615 2.5009473285335355  Slovak
10.307346326836582 2.4362818590704647 2.2488755622188905 3.598200899550225 9.89505247376312 0.037481259370314844 0.14992503748125938 3.1484257871064467 6.521739130434782 2.548725637181409 3.223388305847077 5.472263868065967 2.998500749625187 5.584707646176912 11.431784107946028 3.9355322338830585 0.0 5.172413793103448 4.610194902548725 5.7721139430284865 2.136431784107946 4.6476761619190405 0.0 0.037481259370314844 1.7616191904047975 2.3238380809595203  Slovak
9.961832061068703 2.900763358778626 2.2519083969465647 3.4732824427480913 10.610687022900764 0.11450381679389314 0.22900763358778628 2.7480916030534353 6.145038167938932 2.213740458015267 3.3587786259541987 5.343511450381679 3.2442748091603053 5.877862595419847 11.259541984732824 3.435114503816794 0.0 4.618320610687023 4.351145038167939 5.916030534351145 2.595419847328244 5.0 0.03816793893129771 0.0 1.9083969465648856 2.404580152671756  Slovak
11.186440677966102 2.768361581920904 2.0338983050847457 2.8813559322033897 9.661016949152543 0.0 0.6214689265536724 3.3333333333333335 5.988700564971752 2.824858757062147 3.050847457627119 6.15819209039548 3.2768361581920904 6.15819209039548 11.129943502824858 3.1073446327683616 0.0 4.293785310734463 5.367231638418079 5.310734463276836 2.1468926553672314 4.23728813559322 0.11299435028248588 0.0 2.2033898305084745 2.1468926553672314  Slovak
10.1620029455081 1.7304860088365244 1.7673048600883652 3.792341678939617 11.26656848306333 0.14727540500736377 0.22091310751104565 2.614138438880707 6.958762886597938 2.4668630338733433 3.9764359351988214 4.970544918998527 3.90279823269514 6.443298969072164 10.93519882179676 3.12960235640648 0.0 4.30780559646539 5.3019145802650955 5.228276877761414 2.2827687776141383 4.823269513991164 0.036818851251840944 0.036818851251840944 1.5463917525773196 1.95139911634757  Slovak
9.784172661870503 1.9784172661870503 1.9064748201438848 3.237410071942446 11.043165467625899 0.3597122302158274 0.1798561151079137 2.7338129496402876 5.971223021582734 2.7338129496402876 4.100719424460432 4.568345323741007 4.712230215827338 5.899280575539569 10.827338129496402 3.381294964028777 0.0 4.532374100719425 5.143884892086331 6.0791366906474815 2.338129496402878 4.676258992805756 0.1079136690647482 0.1079136690647482 1.870503597122302 1.7266187050359711  Slovak
11.34585289514867 2.190923317683881 1.7996870109546166 3.482003129890454 9.311424100156493 0.11737089201877934 0.1564945226917058 2.97339593114241 6.377151799687011 2.2300469483568075 3.3646322378716746 5.633802816901409 4.499217527386541 5.868544600938967 11.306729264475743 3.3646322378716746 0.0 4.616588419405321 5.751173708920188 5.477308294209703 2.5821596244131455 3.9906103286384975 0.03912363067292645 0.03912363067292645 1.6823161189358373 1.7996870109546166  Slovak
11.75287356321839 1.5804597701149428 4.281609195402298 5.718390804597702 13.936781609195403 0.9195402298850575 0.7471264367816092 1.264367816091954 5.948275862068965 0.43103448275862066 0.11494252873563218 4.511494252873563 2.528735632183908 6.92528735632184 8.764367816091955 3.505747126436782 1.0632183908045978 6.781609195402299 6.810344827586206 4.7701149425287355 4.85632183908046 1.0057471264367817 0.028735632183908046 0.14367816091954022 1.3218390804597702 0.28735632183908044  Spanish
12.45252306022789 1.4921323928377646 3.5811177428106347 4.910472056429734 13.619099294628324 0.7867607162235486 1.112316874660879 0.8952794357026587 5.453065653825285 0.5968529571351058 0.02712967986977754 7.243624525230602 2.4688008681497555 6.239826370048833 9.169831795984807 2.5501899077590884 0.8952794357026587 7.216494845360824 7.786218122626153 5.290287574606619 3.716766142159523 1.1937059142702116 0.05425935973955508 0.2984264785675529 0.705371676614216 0.24416711882799783  Spanish
13.41991341991342 1.91713048855906 3.308596165739023 4.978354978354979 13.017934446505874 0.7421150278293136 0.95856524427953 1.391465677179963 5.627705627705628 0.49474335188620905 0.030921459492888066 5.596784168212739 2.9684601113172544 7.452071737786023 8.688930117501545 2.813852813852814 0.6493506493506493 7.20470006184292 6.369820655534941 4.7309833024118735 4.3599257884972165 1.2987012987012987 0.06184291898577613 0.0927643784786642 1.2368583797155226 0.5875077303648732  Spanish
13.814616755793226 2.1687462863933455 3.6244800950683302 4.753416518122401 13.161021984551397 0.7427213309566251 0.9803921568627451 1.5745692216280451 5.377302436125966 0.20796197266785502 0.0 5.674390968508615 3.3868092691622103 6.565656565656567 8.02139037433155 2.4955436720142603 1.1883541295306002 6.6547831253713605 7.575757575757576 4.604872251931075 4.57516339869281 1.06951871657754 0.0 0.17825311942959002 1.218062982768865 0.38621509209744503  Spanish
13.399280575539569 1.9184652278177456 3.507194244604316 5.575539568345324 13.729016786570744 0.5095923261390888 1.0491606714628299 1.1390887290167866 5.695443645083933 0.2697841726618705 0.029976019184652276 5.725419664268585 2.877697841726619 6.44484412470024 8.243405275779377 2.997601918465228 1.1091127098321343 6.744604316546762 7.643884892086331 3.986810551558753 4.376498800959232 1.0491606714628299 0.029976019184652276 0.08992805755395684 1.3189448441247003 0.539568345323741  Spanish
13.345521023765997 2.376599634369287 3.976234003656307 5.16453382084095 13.6654478976234 0.8226691042047531 1.2797074954296161 1.736745886654479 6.124314442413162 0.31992687385740404 0.09140767824497258 5.255941499085924 3.2449725776965264 6.170018281535649 7.678244972577697 3.0164533820840953 0.6855575868372943 7.358318098720293 6.307129798903108 4.387568555758683 4.021937842778794 0.7312614259597806 0.09140767824497258 0.04570383912248629 1.3711151736745886 0.7312614259597806  Spanish
12.541254125412541 1.9201920192019204 4.02040204020402 5.1005100510051005 13.41134113411341 0.9300930093009301 1.11011101110111 1.3501350135013501 5.5505550555055505 0.33003300330033003 0.06000600060006001 4.9804980498049805 3.1203120312031203 7.2907290729072916 9.06090609060906 2.4002400240024 1.2001200120012 6.840684068406841 7.050705070507051 4.56045604560456 4.41044104410441 0.8100810081008101 0.030003000300030006 0.15001500150015 1.2001200120012 0.57005700570057  Spanish
11.371137113711372 1.2601260126012601 3.3603360336033603 4.41044104410441 13.95139513951395 0.7500750075007501 1.2301230123012301 1.2901290129012901 5.4005400540054005 0.3000300030003 0.06000600060006001 5.0405040504050405 3.0603060306030603 7.080708070807081 9.12091209120912 3.5703570357035703 1.5901590159015901 7.800780078007801 7.410741074107411 4.5004500450045 4.53045304530453 0.7200720072007201 0.09000900090009001 0.18001800180018002 1.3801380138013801 0.54005400540054  Spanish
12.290679304897315 1.8009478672985781 3.8230647709320693 5.624012638230648 12.954186413902052 0.4423380726698263 1.0110584518167456 1.5481832543443919 6.5086887835703005 0.47393364928909953 0.0315955766192733 4.802527646129541 3.2227488151658767 7.740916271721959 9.415481832543444 2.7804107424960507 1.0110584518167456 6.666666666666667 6.540284360189573 4.612954186413902 4.107424960505529 0.7898894154818324 0.0315955766192733 0.1579778830963665 1.2954186413902053 0.315955766192733  Spanish
